v: 0.18;
Lx: 0.426665;
r: 1/8*Lx;

f0: float(v/(2*%pi*r));

dt: 2.083325e-05;
ns: 5000;