Lx: 18e-3;
Ly: 107e-6;
Ly_end: 10e-6;
a: -0.00486e-6;
b: 0.0003718e-6 / 1e-6;
c: 53.52e-6;
d: -9.989e-5 / 1e-6;

r(z):= a*exp(b*z) + c*exp(d*z);

plot2d([r(z), -r(z)], [z, 0.0, Lx]);